2500
766_sq_90_gr.txt
         0.02     -0.344041
         0.04     -0.344041
         0.06     -0.344041
         0.08     -0.344041
          0.1     -0.344041
         0.12     -0.344041
         0.14     -0.344041
         0.16     -0.344041
         0.18     -0.344041
          0.2     -0.344041
         0.22     -0.344041
         0.24     -0.344041
         0.26     -0.344041
         0.28     -0.344041
          0.3     -0.344041
         0.32     -0.344041
         0.34     -0.344041
         0.36     -0.344041
         0.38     -0.344041
          0.4     -0.344041
         0.42     -0.344041
         0.44     -0.344041
         0.46     -0.344041
         0.48     -0.344041
          0.5     -0.344041
         0.52     -0.344041
         0.54     -0.344041
         0.56     -0.344041
         0.58     -0.344041
          0.6     -0.344041
         0.62     -0.344041
         0.64     -0.344041
         0.66     -0.344041
         0.68     -0.344041
          0.7     -0.344041
         0.72     -0.344041
         0.74     -0.344041
         0.76     -0.344041
         0.78     -0.344041
          0.8     -0.344041
         0.82     -0.344041
         0.84     -0.344041
         0.86     -0.344041
         0.88     -0.344041
          0.9     -0.344041
         0.92     -0.344041
         0.94     -0.344041
         0.96     -0.344041
         0.98     -0.344041
            1     -0.344041
         1.02     -0.344041
         1.04     -0.344041
         1.06     -0.344041
         1.08     -0.344041
          1.1     -0.344041
         1.12     -0.344041
         1.14     -0.344041
         1.16     -0.344041
         1.18     -0.344041
          1.2     -0.344041
         1.22     -0.344041
         1.24     -0.344041
         1.26     -0.344041
         1.28     -0.344041
          1.3     -0.361357
         1.32     -0.367564
         1.34     -0.373192
         1.36     -0.377354
         1.38        -0.379
          1.4     -0.376899
         1.42      -0.36964
         1.44     -0.355672
         1.46     -0.333421
         1.48     -0.301494
          1.5     -0.258946
         1.52     -0.205586
         1.54      -0.14225
         1.56    -0.0709825
         1.58     0.0049416
          1.6     0.0811845
         1.62      0.152709
         1.64      0.214296
         1.66      0.261148
         1.68      0.289482
          1.7      0.297007
         1.72      0.283221
         1.74      0.249463
         1.76      0.198717
         1.78      0.135217
          1.8     0.0639028
         1.82    -0.0101563
         1.84    -0.0822992
         1.86     -0.148681
         1.88     -0.206508
          1.9     -0.254093
         1.92     -0.290741
         1.94     -0.316521
         1.96     -0.331989
         1.98     -0.337905
            2     -0.335015
         2.02     -0.323904
         2.04     -0.304948
         2.06     -0.278342
         2.08     -0.244182
          2.1     -0.202573
         2.12     -0.153742
         2.14    -0.0981234
         2.16    -0.0364198
         2.18     0.0303759
          2.2      0.100985
         2.22      0.173871
         2.24      0.247288
         2.26       0.31934
         2.28      0.388051
          2.3      0.451449
         2.32      0.507656
         2.34       0.55499
         2.36      0.592061
         2.38      0.617862
          2.4      0.631839
         2.42      0.633928
         2.44      0.624556
         2.46      0.604602
         2.48      0.575322
          2.5      0.538242
         2.52      0.495039
         2.54       0.44742
         2.56      0.397019
         2.58      0.345308
          2.6      0.293544
         2.62      0.242749
         2.64      0.193708
         2.66      0.146989
         2.68      0.102981
          2.7     0.0619202
         2.72     0.0239279
         2.74    -0.0109658
         2.76    -0.0428013
         2.78    -0.0716732
          2.8     -0.097715
         2.82     -0.121082
         2.84     -0.141929
         2.86     -0.160394
         2.88     -0.176564
          2.9     -0.190463
         2.92     -0.202036
         2.94     -0.211146
         2.96     -0.217587
         2.98     -0.221107
            3     -0.221451
         3.02     -0.218402
         3.04     -0.211834
         3.06     -0.201754
         3.08     -0.188335
          3.1     -0.171932
         3.12      -0.15308
         3.14     -0.132466
         3.16     -0.110891
         3.18    -0.0892068
          3.2    -0.0682595
         3.22    -0.0488241
         3.24    -0.0315546
         3.26    -0.0169482
         3.28   -0.00532943
          3.3    0.00314476
         3.32    0.00846308
         3.34     0.0107263
         3.36     0.0101095
         3.38     0.0068284
          3.4    0.00111543
         3.42   -0.00678989
         3.44     -0.016637
         3.46    -0.0281498
         3.48    -0.0410077
          3.5    -0.0548296
         3.52    -0.0691688
         3.54    -0.0835208
         3.56    -0.0973482
         3.58     -0.110117
          3.6     -0.121341
         3.62     -0.130621
         3.64     -0.137676
         3.66     -0.142363
         3.68     -0.144666
          3.7     -0.144678
         3.72     -0.142565
         3.74     -0.138532
         3.76     -0.132785
         3.78     -0.125509
          3.8     -0.116863
         3.82     -0.106987
         3.84    -0.0960188
         3.86    -0.0841196
         3.88    -0.0714913
          3.9    -0.0583855
         3.92     -0.045097
         3.94    -0.0319441
         3.96    -0.0192365
         3.98   -0.00724036
            4    0.00385424
         4.02     0.0139558
         4.04     0.0230795
         4.06     0.0313402
         4.08     0.0389324
          4.1      0.046102
         4.12      0.053116
         4.14      0.060235
         4.16     0.0676929
         4.18     0.0756841
          4.2     0.0843583
         4.22     0.0938187
         4.24      0.104122
         4.26      0.115275
         4.28      0.127231
          4.3      0.139884
         4.32      0.153066
         4.34      0.166543
         4.36      0.180027
         4.38      0.193191
          4.4      0.205693
         4.42      0.217209
         4.44      0.227456
         4.46       0.23622
         4.48      0.243366
          4.5       0.24884
         4.52      0.252652
         4.54      0.254856
         4.56      0.255514
         4.58      0.254673
          4.6      0.252337
         4.62      0.248455
         4.64      0.242923
         4.66      0.235596
         4.68      0.226311
          4.7      0.214915
         4.72      0.201289
         4.74      0.185377
         4.76      0.167198
         4.78      0.146849
          4.8      0.124512
         4.82      0.100435
         4.84     0.0749281
         4.86     0.0483498
         4.88     0.0210947
          4.9   -0.00641325
         4.92    -0.0337284
         4.94     -0.060391
         4.96    -0.0859371
         4.98     -0.109913
            5     -0.131895
         5.02     -0.151512
         5.04     -0.168472
         5.06     -0.182581
         5.08     -0.193765
          5.1     -0.202072
         5.12     -0.207669
         5.14      -0.21082
         5.16     -0.211863
         5.18     -0.211168
          5.2     -0.209105
         5.22      -0.20601
         5.24      -0.20216
         5.26     -0.197766
         5.28      -0.19297
          5.3     -0.187858
         5.32     -0.182481
         5.34      -0.17687
         5.36     -0.171056
         5.38     -0.165078
          5.4     -0.158988
         5.42     -0.152843
         5.44     -0.146693
         5.46     -0.140569
         5.48     -0.134476
          5.5     -0.128385
         5.52     -0.122234
         5.54     -0.115943
         5.56     -0.109426
         5.58     -0.102605
          5.6    -0.0954343
         5.62     -0.087903
         5.64    -0.0800472
         5.66    -0.0719458
         5.68    -0.0637135
          5.7    -0.0554884
         5.72    -0.0474161
         5.74    -0.0396344
         5.76    -0.0322572
         5.78    -0.0253629
          5.8    -0.0189848
         5.82    -0.0131064
         5.84   -0.00766151
         5.86   -0.00253934
         5.88    0.00240542
          5.9    0.00733739
         5.92      0.012422
         5.94     0.0178049
         5.96     0.0235925
         5.98     0.0298359
            6     0.0365215
         6.02     0.0435694
         6.04     0.0508415
         6.06     0.0581576
         6.08     0.0653167
          6.1     0.0721214
         6.12     0.0784004
         6.14     0.0840267
         6.16     0.0889272
         6.18     0.0930846
          6.2     0.0965316
         6.22     0.0993388
         6.24      0.101599
         6.26       0.10341
         6.28      0.104864
          6.3      0.106032
         6.32       0.10696
         6.34      0.107667
         6.36      0.108142
         6.38      0.108355
          6.4      0.108255
         6.42      0.107785
         6.44      0.106886
         6.46      0.105509
         6.48      0.103621
          6.5      0.101215
         6.52     0.0983102
         6.54      0.094953
         6.56      0.091212
         6.58       0.08717
          6.6     0.0829129
         6.62     0.0785209
         6.64     0.0740607
         6.66     0.0695832
         6.68     0.0651265
          6.7     0.0607223
         6.72     0.0564052
         6.74     0.0522192
         6.76     0.0482193
         6.78     0.0444663
          6.8     0.0410114
         6.82      0.037876
         6.84     0.0350282
         6.86     0.0323617
         6.88     0.0296851
          6.9     0.0267226
         6.92     0.0231323
         6.94     0.0185378
         6.96      0.012571
         6.98    0.00491819
            7   -0.00463704
         7.02    -0.0161828
         7.04    -0.0296631
         7.06    -0.0448815
         7.08    -0.0615194
          7.1    -0.0791689
         7.12    -0.0973693
         7.14     -0.115645
         7.16     -0.133535
         7.18     -0.150615
          7.2     -0.166508
         7.22     -0.180886
         7.24     -0.193468
         7.26     -0.204013
         7.28     -0.212317
          7.3     -0.218215
         7.32     -0.221577
         7.34     -0.222322
         7.36     -0.220411
         7.38      -0.21586
          7.4     -0.208727
         7.42     -0.199118
         7.44     -0.187165
         7.46     -0.173029
         7.48     -0.156884
          7.5     -0.138914
         7.52     -0.119314
         7.54     -0.098298
         7.56    -0.0760999
         7.58    -0.0529874
          7.6    -0.0292663
         7.62   -0.00528311
         7.64     0.0185793
         7.66     0.0419116
         7.68     0.0642945
          7.7     0.0853188
         7.72      0.104607
         7.74      0.121835
         7.76      0.136748
         7.78      0.149173
          7.8      0.159022
         7.82      0.166292
         7.84      0.171057
         7.86      0.173453
         7.88       0.17366
          7.9      0.171892
         7.92      0.168375
         7.94      0.163339
         7.96      0.157008
         7.98      0.149601
            8      0.141327
         8.02      0.132392
         8.04      0.122998
         8.06       0.11334
         8.08      0.103608
          8.1     0.0939746
         8.12     0.0845847
         8.14     0.0755489
         8.16     0.0669336
         8.18     0.0587594
          8.2     0.0510048
         8.22     0.0436182
         8.24      0.036533
         8.26      0.029687
         8.28     0.0230384
          8.3     0.0165778
         8.32     0.0103316
         8.34    0.00435709
         8.36   -0.00127025
         8.38   -0.00647331
          8.4    -0.0111906
         8.42    -0.0153894
         8.44    -0.0190715
         8.46     -0.022271
         8.48    -0.0250443
          8.5     -0.027455
         8.52    -0.0295585
         8.54    -0.0313896
         8.56    -0.0329565
         8.58    -0.0342425
          8.6    -0.0352142
         8.62    -0.0358351
         8.64    -0.0360781
         8.66    -0.0359366
         8.68    -0.0354286
          8.7    -0.0345953
         8.72    -0.0334937
         8.74     -0.032187
         8.76    -0.0307348
         8.78    -0.0291883
          8.8    -0.0275904
         8.82    -0.0259815
         8.84    -0.0244091
         8.86    -0.0229379
         8.88    -0.0216565
          8.9    -0.0206774
         8.92    -0.0201292
         8.94    -0.0201406
         8.96    -0.0208204
         8.98    -0.0222362
            9    -0.0243964
         9.02    -0.0272412
         9.04    -0.0306431
         9.06    -0.0344183
         9.08    -0.0383471
          9.1    -0.0421993
         9.12    -0.0457603
         9.14    -0.0488534
         9.16    -0.0513551
         9.18    -0.0532015
          9.2    -0.0543853
         9.22    -0.0549467
         9.24    -0.0549587
         9.26    -0.0545115
         9.28    -0.0536986
          9.3    -0.0526059
         9.32    -0.0513052
         9.34    -0.0498517
         9.36    -0.0482853
         9.38    -0.0466339
          9.4    -0.0449168
         9.42    -0.0431485
         9.44    -0.0413412
         9.46    -0.0395055
         9.48    -0.0376505
          9.5    -0.0357823
         9.52    -0.0339036
         9.54    -0.0320122
         9.56    -0.0301019
         9.58     -0.028164
          9.6    -0.0261897
         9.62     -0.024174
         9.64    -0.0221186
         9.66    -0.0200348
         9.68    -0.0179433
          9.7    -0.0158713
         9.72    -0.0138474
         9.74     -0.011893
         9.76    -0.0100134
         9.78   -0.00818932
          9.8   -0.00637158
         9.82   -0.00448079
         9.84   -0.00241277
         9.86  -4.98061e-05
         9.88    0.00272378
          9.9    0.00600438
         9.92    0.00985337
         9.94     0.0142862
         9.96     0.0192684
         9.98     0.0247197
           10     0.0305258
        10.02     0.0365542
        10.04     0.0426724
        10.06     0.0487642
        10.08       0.05474
         10.1     0.0605415
        10.12     0.0661376
        10.14     0.0715161
        10.16     0.0766714
        10.18     0.0815916
         10.2     0.0862484
        10.22     0.0905916
        10.24     0.0945474
        10.26      0.098022
        10.28      0.100908
         10.3      0.103091
        10.32      0.104461
        10.34      0.104915
        10.36      0.104371
        10.38      0.102766
         10.4      0.100074
        10.42     0.0963044
        10.44     0.0915137
        10.46     0.0858079
        10.48     0.0793432
         10.5     0.0723207
        10.52     0.0649737
        10.54     0.0575505
        10.56     0.0502919
        10.58     0.0434082
         10.6     0.0370596
        10.62     0.0313434
        10.64      0.026289
        10.66      0.021864
        10.68     0.0179875
         10.7      0.014549
        10.72     0.0114278
        10.74    0.00850897
        10.76    0.00569405
        10.78    0.00290255
         10.8   6.73576e-05
        10.82   -0.00287476
        10.84    -0.0059936
        10.86   -0.00937317
        10.88    -0.0131135
         10.9    -0.0173255
        10.92    -0.0221191
        10.94    -0.0275864
        10.96    -0.0337852
        10.98    -0.0407231
           11    -0.0483487
        11.02    -0.0565494
        11.04    -0.0651581
        11.06    -0.0739654
        11.08    -0.0827379
         11.1     -0.091237
        11.12    -0.0992381
        11.14     -0.106547
        11.16     -0.113009
        11.18     -0.118518
         11.2     -0.123016
        11.22     -0.126491
        11.24     -0.128967
        11.26     -0.130498
        11.28      -0.13115
         11.3     -0.130994
        11.32     -0.130091
        11.34      -0.12848
        11.36     -0.126174
        11.38     -0.123155
         11.4     -0.119378
        11.42     -0.114775
        11.44     -0.109267
        11.46     -0.102773
        11.48    -0.0952203
         11.5    -0.0865554
        11.52    -0.0767484
        11.54    -0.0657959
        11.56    -0.0537219
        11.58    -0.0405766
         11.6    -0.0264365
        11.62    -0.0114048
        11.64    0.00438531
        11.66     0.0207676
        11.68     0.0375388
         11.7     0.0544578
        11.72     0.0712486
        11.74     0.0876073
        11.76      0.103216
        11.78      0.117756
         11.8      0.130932
        11.82      0.142479
        11.84      0.152181
        11.86      0.159878
        11.88      0.165459
         11.9      0.168866
        11.92      0.170082
        11.94       0.16912
        11.96      0.166027
        11.98      0.160873
           12      0.153757
        12.02      0.144812
        12.04      0.134214
        12.06       0.12218
        12.08      0.108969
         12.1     0.0948799
        12.12     0.0802317
        12.14     0.0653526
        12.16     0.0505598
        12.18     0.0361433
         12.2     0.0223542
        12.22    0.00939852
        12.24   -0.00256272
        12.26    -0.0134091
        12.28    -0.0230537
         12.3    -0.0314366
        12.32    -0.0385216
        12.34    -0.0442957
        12.36    -0.0487736
        12.38    -0.0520029
         12.4    -0.0540692
        12.42    -0.0550973
        12.44     -0.055247
        12.46    -0.0547025
        12.48    -0.0536564
         12.5    -0.0522906
        12.52    -0.0507584
        12.54    -0.0491698
        12.56    -0.0475852
        12.58     -0.046017
         12.6    -0.0444399
        12.62    -0.0428063
        12.64    -0.0410656
        12.66    -0.0391808
        12.68    -0.0371414
         12.7    -0.0349691
        12.72    -0.0327163
        12.74    -0.0304595
        12.76    -0.0282885
        12.78    -0.0262966
         12.8    -0.0245715
        12.82    -0.0231913
        12.84    -0.0222228
        12.86    -0.0217229
        12.88    -0.0217396
         12.9    -0.0223111
        12.92     -0.023461
        12.94    -0.0251914
        12.96     -0.027473
        12.98    -0.0302364
           13    -0.0333676
        13.02    -0.0367106
        13.04    -0.0400765
        13.06    -0.0432616
        13.08    -0.0460689
         13.1    -0.0483309
        13.12    -0.0499276
        13.14    -0.0507978
        13.16    -0.0509386
        13.18    -0.0503962
         13.2    -0.0492481
        13.22     -0.047582
        13.24    -0.0454756
        13.26    -0.0429834
        13.28     -0.040131
         13.3    -0.0369198
        13.32    -0.0333386
        13.34     -0.029379
        13.36    -0.0250511
        13.38    -0.0203927
         13.4     -0.015473
        13.42    -0.0103871
        13.44   -0.00524538
        13.46  -0.000158954
        13.48    0.00477265
         13.5    0.00947024
        13.52     0.0138773
        13.54     0.0179567
        13.56     0.0216832
        13.58     0.0250358
         13.6     0.0279934
        13.62     0.0305345
        13.64     0.0326442
        13.66     0.0343244
        13.68     0.0356064
         13.7     0.0365594
        13.72     0.0372937
        13.74     0.0379541
        13.76     0.0387056
        13.78     0.0397117
         13.8     0.0411108
        13.82     0.0429948
        13.84      0.045395
        13.86     0.0482773
        13.88     0.0515484
         13.9     0.0550695
        13.92     0.0586766
        13.94     0.0621991
        13.96     0.0654768
        13.98      0.068369
           14      0.070757
        14.02     0.0725413
        14.04     0.0736353
        14.06       0.07396
        14.08     0.0734422
         14.1     0.0720176
        14.12     0.0696386
        14.14     0.0662852
        14.16     0.0619754
        14.18     0.0567721
         14.2     0.0507838
        14.22     0.0441588
        14.24     0.0370726
        14.26     0.0297118
        14.28     0.0222572
         14.3       0.01487
        14.32    0.00768271
        14.34   0.000797254
        14.36    -0.0057114
        14.38    -0.0117872
         14.4    -0.0173837
        14.42    -0.0224554
        14.44    -0.0269538
        14.46    -0.0308262
        14.48    -0.0340202
         14.5    -0.0364907
        14.52    -0.0382077
        14.54    -0.0391636
        14.56     -0.039378
        14.58     -0.038899
         14.6    -0.0378016
        14.62    -0.0361831
        14.64    -0.0341566
        14.66    -0.0318448
        14.68    -0.0293728
         14.7    -0.0268624
        14.72    -0.0244265
        14.74     -0.022165
        14.76    -0.0201609
        14.78     -0.018477
         14.8    -0.0171547
        14.82    -0.0162132
        14.84    -0.0156516
        14.86    -0.0154518
        14.88    -0.0155841
         14.9    -0.0160134
        14.92    -0.0167046
        14.94    -0.0176277
        14.96    -0.0187606
        14.98    -0.0200886
           15     -0.021602
        15.02    -0.0232916
        15.04    -0.0251433
        15.06    -0.0271336
        15.08     -0.029226
         15.1    -0.0313708
        15.12    -0.0335074
        15.14    -0.0355682
        15.16    -0.0374848
        15.18    -0.0391944
         15.2    -0.0406447
        15.22    -0.0417973
        15.24    -0.0426286
        15.26    -0.0431284
        15.28    -0.0432965
         15.3    -0.0431381
        15.32     -0.042659
        15.34    -0.0418626
        15.36    -0.0407473
        15.38     -0.039307
         15.4    -0.0375331
        15.42    -0.0354187
        15.44    -0.0329629
        15.46     -0.030176
        15.48     -0.027083
         15.5    -0.0237255
        15.52    -0.0201612
        15.54     -0.016461
        15.56    -0.0127029
        15.58   -0.00896505
         15.6   -0.00531724
        15.62   -0.00181325
        15.64    0.00151563
        15.66    0.00466427
        15.68    0.00765419
         15.7     0.0105303
        15.72     0.0133543
        15.74     0.0161953
        15.76     0.0191193
        15.78     0.0221778
         15.8     0.0253979
        15.82      0.028776
        15.84     0.0322736
        15.86      0.035819
        15.88     0.0393124
         15.9     0.0426352
        15.92     0.0456624
        15.94     0.0482755
        15.96     0.0503757
        15.98     0.0518944
           16     0.0528001
        16.02     0.0531008
        16.04     0.0528413
        16.06     0.0520966
        16.08     0.0509617
         16.1     0.0495403
        16.12     0.0479338
        16.14     0.0462324
        16.16     0.0445097
        16.18     0.0428211
         16.2     0.0412049
        16.22      0.039687
        16.24     0.0382846
        16.26     0.0370112
        16.28     0.0358771
         16.3     0.0348894
        16.32     0.0340476
        16.34     0.0333385
        16.36     0.0327302
        16.38     0.0321682
         16.4     0.0315731
        16.42     0.0308432
        16.44     0.0298598
        16.46      0.028497
        16.48     0.0266322
         16.5     0.0241578
        16.52     0.0209922
        16.54     0.0170874
        16.56     0.0124344
        16.58    0.00706494
         16.6    0.00105023
        16.62   -0.00550292
        16.64    -0.0124576
        16.66    -0.0196535
        16.68    -0.0269142
         16.7    -0.0340547
        16.72    -0.0408887
        16.74    -0.0472363
        16.76    -0.0529306
        16.78    -0.0578239
         16.8    -0.0617925
        16.82    -0.0647409
        16.84    -0.0666037
        16.86    -0.0673474
        16.88    -0.0669697
         16.9     -0.065499
        16.92    -0.0629935
        16.94    -0.0595391
        16.96    -0.0552483
        16.98     -0.050257
           17    -0.0447216
        17.02    -0.0388135
        17.04    -0.0327137
        17.06    -0.0266045
        17.08    -0.0206613
         17.1    -0.0150449
        17.12   -0.00989458
        17.14   -0.00532356
        17.16   -0.00141697
        17.18    0.00176738
         17.2     0.0041962
        17.22      0.005857
        17.24    0.00675435
        17.26    0.00690747
        17.28    0.00634945
         17.3    0.00512835
        17.32    0.00330937
        17.34   0.000977024
        17.36   -0.00176375
        17.38   -0.00478884
         17.4   -0.00795894
        17.42    -0.0111262
        17.44    -0.0141427
        17.46    -0.0168695
        17.48    -0.0191849
         17.5    -0.0209907
        17.52    -0.0222147
        17.54    -0.0228117
        17.56    -0.0227601
        17.58    -0.0220585
         17.6    -0.0207206
        17.62     -0.018771
        17.64    -0.0162431
        17.66    -0.0131767
        17.68   -0.00961795
         17.7   -0.00561936
        17.72   -0.00123905
        17.74    0.00346032
        17.76    0.00841393
        17.78     0.0135578
         17.8     0.0188322
        17.82     0.0241838
        17.84      0.029567
        17.86     0.0349432
        17.88     0.0402777
         17.9      0.045536
        17.92     0.0506785
        17.94     0.0556568
        17.96     0.0604105
        17.98     0.0648668
           18     0.0689425
        18.02     0.0725485
        18.04     0.0755952
        18.06     0.0779992
        18.08     0.0796886
         18.1     0.0806072
        18.12     0.0807166
        18.14     0.0799952
        18.16     0.0784368
        18.18     0.0760469
         18.2     0.0728403
        18.22     0.0688391
        18.24     0.0640726
        18.26     0.0585795
        18.28     0.0524114
         18.3     0.0456366
        18.32     0.0383436
        18.34     0.0306424
        18.36     0.0226632
        18.38     0.0145512
         18.4    0.00645922
        18.42   -0.00146266
        18.44    -0.0090772
        18.46    -0.0162692
        18.48    -0.0229519
         18.5    -0.0290698
        18.52    -0.0345975
        18.54    -0.0395355
        18.56    -0.0439036
        18.58    -0.0477349
         18.6    -0.0510697
        18.62     -0.053953
        18.64    -0.0564331
        18.66    -0.0585634
        18.68    -0.0604033
         18.7    -0.0620199
        18.72    -0.0634863
        18.74    -0.0648775
        18.76    -0.0662641
        18.78    -0.0677034
         18.8    -0.0692316
        18.82    -0.0708566
        18.84    -0.0725558
        18.86    -0.0742765
        18.88    -0.0759415
         18.9     -0.077457
        18.92    -0.0787217
        18.94    -0.0796351
        18.96    -0.0801028
        18.98    -0.0800394
           19    -0.0793677
        19.02    -0.0780165
        19.04    -0.0759181
        19.06    -0.0730086
        19.08    -0.0692306
         19.1    -0.0645395
        19.12    -0.0589129
        19.14      -0.05236
        19.16    -0.0449296
        19.18    -0.0367138
         19.2    -0.0278464
        19.22     -0.018495
        19.24   -0.00884869
        19.26   0.000897668
        19.28      0.010558
         19.3     0.0199675
        19.32     0.0289894
        19.34     0.0375166
        19.36     0.0454676
        19.38     0.0527792
         19.4     0.0593982
        19.42     0.0652745
        19.44     0.0703578
        19.46     0.0745978
        19.48     0.0779489
         19.5     0.0803766
        19.52     0.0818637
        19.54     0.0824156
        19.56     0.0820612
        19.58     0.0808508
         19.6     0.0788503
        19.62     0.0761334
        19.64     0.0727746
        19.66     0.0688438
        19.68     0.0644035
         19.7     0.0595107
        19.72      0.054221
        19.74     0.0485943
        19.76     0.0427009
        19.78     0.0366252
         19.8     0.0304669
        19.82     0.0243379
        19.84     0.0183569
        19.86     0.0126416
        19.88    0.00729966
         19.9    0.00242135
        19.92   -0.00192609
        19.94   -0.00570135
        19.96   -0.00888894
        19.98    -0.0114967
           20    -0.0135512
        20.02    -0.0150932
        20.04    -0.0161719
        20.06    -0.0168405
        20.08     -0.017153
         20.1    -0.0171611
        20.12    -0.0169126
        20.14    -0.0164505
        20.16    -0.0158122
        20.18    -0.0150291
         20.2    -0.0141271
        20.22    -0.0131263
        20.24    -0.0120414
        20.26    -0.0108824
        20.28    -0.0096549
         20.3   -0.00836118
        20.32    -0.0070008
        20.34   -0.00557168
        20.36   -0.00407134
        20.38    -0.0024985
         20.4  -0.000855098
        20.42   0.000851382
        20.44    0.00260528
        20.46    0.00438029
        20.48    0.00613743
         20.5    0.00782398
        20.52    0.00937387
        20.54     0.0107096
        20.56     0.0117459
        20.58     0.0123953
         20.6     0.0125741
        20.62     0.0122097
        20.64     0.0112473
        20.66    0.00965548
        20.68    0.00743089
         20.7    0.00460041
        20.72    0.00122141
        20.74   -0.00262032
        20.76   -0.00681461
        20.78    -0.0112326
         20.8    -0.0157336
        20.82    -0.0201727
        20.84    -0.0244085
        20.86      -0.02831
        20.88    -0.0317633
         20.9    -0.0346759
        20.92    -0.0369807
        20.94    -0.0386364
        20.96    -0.0396282
        20.98    -0.0399651
           21    -0.0396772
        21.02    -0.0388116
        21.04    -0.0374288
        21.06    -0.0355985
        21.08    -0.0333967
         21.1    -0.0309027
        21.12    -0.0281971
        21.14    -0.0253597
        21.16    -0.0224677
        21.18    -0.0195925
         21.2    -0.0167972
        21.22    -0.0141328
        21.24    -0.0116343
        21.26   -0.00931828
        21.28   -0.00718091
         21.3   -0.00519835
        21.32   -0.00332945
        21.34   -0.00152077
        21.36   0.000286591
        21.38    0.00214916
         21.4    0.00411347
        21.42    0.00620975
        21.44    0.00844805
        21.46      0.010817
        21.48     0.0132855
         21.5     0.0158067
        21.52     0.0183227
        21.54     0.0207701
        21.56     0.0230842
        21.58     0.0252017
         21.6     0.0270621
        21.62     0.0286079
        21.64     0.0297851
        21.66     0.0305437
        21.68     0.0308409
         21.7      0.030645
        21.72     0.0299417
        21.74     0.0287405
        21.76     0.0270795
        21.78     0.0250285
         21.8     0.0226873
        21.82     0.0201799
        21.84     0.0176446
        21.86     0.0152209
        21.88     0.0130349
         21.9     0.0111866
        21.92    0.00973991
        21.94    0.00871692
        21.96    0.00809822
        21.98    0.00782779
           22    0.00782175
        22.02    0.00797932
        22.04    0.00819407
        22.06    0.00836389
        22.08    0.00839868
         22.1    0.00822538
        22.12    0.00779064
        22.14    0.00706179
        22.16    0.00602677
        22.18    0.00469388
         22.2    0.00309137
        22.22    0.00126681
        22.24  -0.000714151
        22.26   -0.00277031
        22.28   -0.00480915
         22.3   -0.00673292
        22.32   -0.00844621
        22.34   -0.00986435
        22.36    -0.0109216
        22.38    -0.0115777
         22.4    -0.0118226
        22.42    -0.0116776
        22.44    -0.0111939
        22.46    -0.0104474
        22.48    -0.0095323
         22.5   -0.00855254
        22.52   -0.00761321
        22.54   -0.00681236
        22.56   -0.00623409
        22.58   -0.00594335
         22.6   -0.00598272
        22.62   -0.00637138
        22.64   -0.00710584
        22.66   -0.00816251
        22.68   -0.00950147
         22.7    -0.0110709
        22.72    -0.0128118
        22.74    -0.0146623
        22.76    -0.0165609
        22.78    -0.0184492
         22.8    -0.0202731
        22.82    -0.0219831
        22.84    -0.0235348
        22.86    -0.0248891
        22.88    -0.0260126
         22.9    -0.0268792
        22.92    -0.0274717
        22.94    -0.0277834
        22.96    -0.0278192
        22.98    -0.0275951
           23     -0.027136
        23.02    -0.0264717
        23.04    -0.0256322
        23.06    -0.0246418
        23.08    -0.0235149
         23.1    -0.0222533
        23.12    -0.0208468
        23.14    -0.0192766
        23.16     -0.017521
        23.18    -0.0155625
         23.2    -0.0133955
        23.22    -0.0110306
        23.24   -0.00849749
        23.26   -0.00584273
        23.28   -0.00312503
         23.3  -0.000407254
        23.32    0.00225239
        23.34    0.00480861
        23.36    0.00723518
        23.38    0.00952785
         23.4     0.0117038
        23.42      0.013798
        23.44      0.015857
        23.46     0.0179326
        23.48     0.0200745
         23.5     0.0223248
        23.52     0.0247143
        23.54     0.0272593
        23.56     0.0299611
        23.58     0.0328053
         23.6     0.0357617
        23.62     0.0387851
        23.64     0.0418157
        23.66       0.04478
        23.68     0.0475935
         23.7     0.0501632
        23.72     0.0523923
        23.74     0.0541856
        23.76      0.055455
        23.78     0.0561252
         23.8     0.0561389
        23.82     0.0554602
        23.84     0.0540764
        23.86     0.0519987
        23.88     0.0492609
         23.9     0.0459163
        23.92     0.0420351
        23.94     0.0376991
        23.96     0.0329978
        23.98     0.0280231
           24     0.0228644
        24.02     0.0176041
        24.04     0.0123142
        24.06    0.00705289
        24.08    0.00186479
         24.1   -0.00321864
        24.12   -0.00817581
        24.14    -0.0129904
        24.16    -0.0176461
        24.18    -0.0221207
         24.2    -0.0263824
        24.22    -0.0303868
        24.24    -0.0340772
        24.26    -0.0373869
        24.28    -0.0402441
         24.3    -0.0425776
        24.32    -0.0443238
        24.34     -0.045432
        24.36    -0.0458699
        24.38    -0.0456259
         24.4    -0.0447107
        24.42    -0.0431567
        24.44    -0.0410164
        24.46    -0.0383605
        24.48    -0.0352748
         24.5    -0.0318576
        24.52     -0.028217
        24.54     -0.024467
        24.56    -0.0207246
        24.58    -0.0171048
         24.6    -0.0137165
        24.62    -0.0106572
        24.64   -0.00800896
        24.66   -0.00583457
        24.68   -0.00417484
         24.7   -0.00304756
        24.72   -0.00244781
        24.74   -0.00234951
        24.76     -0.002708
        24.78   -0.00346318
         24.8   -0.00454303
        24.82   -0.00586719
        24.84   -0.00735053
        24.86    -0.0089068
        24.88    -0.0104522
         24.9    -0.0119091
        24.92    -0.0132094
        24.94    -0.0142975
        24.96    -0.0151325
        24.98    -0.0156895
           25    -0.0159591
        25.02    -0.0159454
        25.04    -0.0156636
        25.06    -0.0151357
        25.08    -0.0143871
         25.1     -0.013443
        25.12    -0.0123259
        25.14    -0.0110551
        25.16   -0.00964655
        25.18   -0.00811456
         25.2   -0.00647371
        25.22   -0.00474049
        25.24   -0.00293444
        25.26   -0.00107798
        25.28   0.000804861
         25.3    0.00269063
        25.32    0.00455914
        25.34    0.00639583
        25.36    0.00819324
        25.38    0.00995111
         25.4     0.0116749
        25.42     0.0133728
        25.44     0.0150525
        25.46     0.0167169
        25.48     0.0183611
         25.5     0.0199711
        25.52     0.0215233
        25.54     0.0229865
        25.56      0.024325
        25.58     0.0255029
         25.6     0.0264877
        25.62     0.0272536
        25.64     0.0277835
        25.66     0.0280687
        25.68     0.0281085
         25.7     0.0279073
        25.72     0.0274731
        25.74     0.0268151
        25.76     0.0259434
        25.78     0.0248699
         25.8       0.02361
        25.82     0.0221853
        25.84     0.0206266
        25.86     0.0189749
        25.88     0.0172817
         25.9     0.0156069
        25.92     0.0140137
        25.94     0.0125634
        25.96     0.0113078
        25.98      0.010283
           26    0.00950425
        26.02    0.00896324
        26.04    0.00862787
        26.06    0.00844524
        26.08    0.00834672
         26.1    0.00825462
        26.12     0.0080893
        26.14    0.00777581
        26.16    0.00724918
        26.18    0.00645802
         26.2    0.00536627
        26.22     0.0039534
        26.24    0.00221354
        26.26   0.000154108
        26.28   -0.00220552
         26.3   -0.00483517
        26.32   -0.00769465
        26.34    -0.0107344
        26.36    -0.0138966
        26.38    -0.0171161
         26.4    -0.0203235
        26.42    -0.0234476
        26.44    -0.0264197
        26.46    -0.0291773
        26.48    -0.0316681
         26.5    -0.0338522
        26.52    -0.0357031
        26.54    -0.0372067
        26.56    -0.0383592
        26.58    -0.0391626
         26.6    -0.0396207
        26.62    -0.0397351
        26.64    -0.0395027
        26.66    -0.0389153
        26.68    -0.0379607
         26.7    -0.0366268
        26.72    -0.0349061
        26.74    -0.0328004
        26.76    -0.0303253
        26.78    -0.0275119
         26.8    -0.0244065
        26.82    -0.0210675
        26.84    -0.0175607
        26.86    -0.0139525
        26.88    -0.0103046
         26.9   -0.00666896
        26.92   -0.00308522
        26.94   0.000419296
        26.96    0.00382742
        26.98    0.00712839
           27     0.0103137
        27.02     0.0133735
        27.04     0.0162946
        27.06     0.0190597
        27.08     0.0216493
         27.1     0.0240429
        27.12     0.0262222
        27.14     0.0281715
        27.16     0.0298784
        27.18      0.031332
         27.2     0.0325203
        27.22      0.033428
        27.24     0.0340348
        27.26     0.0343159
        27.28     0.0342442
         27.3     0.0337955
        27.32      0.032954
        27.34     0.0317186
        27.36     0.0301072
        27.38     0.0281588
         27.4     0.0259321
        27.42     0.0235006
        27.44     0.0209461
        27.46     0.0183499
        27.48     0.0157851
         27.5     0.0133109
        27.52     0.0109688
        27.54    0.00878283
        27.56    0.00676174
        27.58    0.00490347
         27.6    0.00319993
        27.62    0.00164146
        27.64   0.000220003
        27.66    -0.0010693
        27.68   -0.00222794
         27.7   -0.00325483
        27.72   -0.00414742
        27.74   -0.00490273
        27.76   -0.00551777
        27.78   -0.00598967
         27.8   -0.00631548
        27.82   -0.00649214
        27.84   -0.00651678
        27.86   -0.00638759
        27.88   -0.00610481
         27.9   -0.00567187
        27.92   -0.00509606
        27.94   -0.00438847
        27.96   -0.00356342
        27.98   -0.00263727
           28   -0.00162742
        28.02  -0.000551721
        28.04   0.000570991
        28.06    0.00171949
        28.08    0.00286792
         28.1    0.00398355
        28.12    0.00502525
        28.14    0.00594359
        28.16    0.00668296
        28.18    0.00718577
         28.2    0.00739812
        28.22    0.00727591
        28.24    0.00679015
        28.26     0.0059304
        28.28     0.0047054
         28.3    0.00314102
        28.32    0.00127576
        28.34  -0.000844957
        28.36   -0.00317445
        28.38   -0.00566925
         28.4    -0.0082914
        28.42    -0.0110083
        28.44    -0.0137908
        28.46    -0.0166093
        28.48    -0.0194309
         28.5    -0.0222161
        28.52    -0.0249179
        28.54     -0.027482
        28.56    -0.0298493
        28.58    -0.0319582
         28.6    -0.0337482
        28.62    -0.0351622
        28.64    -0.0361494
        28.66    -0.0366665
        28.68    -0.0366793
         28.7    -0.0361649
        28.72    -0.0351138
        28.74     -0.033533
        28.76    -0.0314488
        28.78    -0.0289096
         28.8    -0.0259865
        28.82    -0.0227726
        28.84    -0.0193791
        28.86    -0.0159291
        28.88    -0.0125495
         28.9   -0.00936212
        28.92   -0.00647523
        28.94   -0.00397656
        28.96   -0.00192845
        28.98  -0.000365822
           29   0.000703675
        29.02    0.00129763
        29.04    0.00145588
        29.06    0.00123724
        29.08   0.000716381
         29.1  -1.90059e-05
        29.12  -0.000871025
        29.14   -0.00173477
        29.16   -0.00250231
        29.18   -0.00306769
         29.2   -0.00333275
        29.22   -0.00321329
        29.24   -0.00264484
        29.26   -0.00158707
        29.28  -2.60995e-05
         29.3    0.00202562
        29.32    0.00453194
        29.34    0.00743767
        29.36     0.0106744
        29.38     0.0141665
         29.4     0.0178366
        29.42     0.0216098
        29.44     0.0254156
        29.46     0.0291888
        29.48     0.0328691
         29.5     0.0363999
        29.52     0.0397269
        29.54     0.0427972
        29.56     0.0455592
        29.58     0.0479631
         29.6     0.0499622
        29.62     0.0515141
        29.64     0.0525829
        29.66     0.0531405
        29.68     0.0531676
         29.7     0.0526548
        29.72     0.0516021
        29.74     0.0500185
        29.76     0.0479211
        29.78     0.0453336
         29.8     0.0422846
        29.82     0.0388059
        29.84      0.034932
        29.86     0.0306989
        29.88     0.0261451
         29.9     0.0213124
        29.92     0.0162477
        29.94     0.0110051
        29.96    0.00564695
        29.98   0.000244986
           30   -0.00512088
        30.02    -0.0103647
        30.04    -0.0153985
        30.06    -0.0201364
        30.08    -0.0245003
         30.1    -0.0284233
        30.12    -0.0318533
        30.14    -0.0347541
        30.16    -0.0371048
        30.18    -0.0388981
         30.2    -0.0401381
        30.22    -0.0408377
        30.24    -0.0410178
        30.26     -0.040707
        30.28    -0.0399428
         30.3    -0.0387736
        30.32    -0.0372601
        30.34    -0.0354762
        30.36    -0.0335069
        30.38    -0.0314454
         30.4    -0.0293864
        30.42    -0.0274192
        30.44    -0.0256201
        30.46    -0.0240462
        30.48    -0.0227311
         30.5    -0.0216842
        30.52    -0.0208922
        30.54    -0.0203246
        30.56    -0.0199389
        30.58    -0.0196875
         30.6    -0.0195227
        30.62    -0.0193995
        30.64    -0.0192768
        30.66    -0.0191165
        30.68     -0.018881
         30.7    -0.0185317
        30.72    -0.0180278
        30.74    -0.0173275
        30.76    -0.0163907
        30.78    -0.0151834
         30.8    -0.0136829
        30.82    -0.0118816
        30.84    -0.0097898
        30.86   -0.00743543
        30.88   -0.00486154
         30.9   -0.00212145
        30.92   0.000727319
        30.94     0.0036291
        30.96    0.00653507
        30.98    0.00940622
           31     0.0122141
        31.02     0.0149392
        31.04     0.0175684
        31.06     0.0200913
        31.08     0.0224969
         31.1     0.0247715
        31.12     0.0268974
        31.14     0.0288535
        31.16     0.0306152
        31.18     0.0321564
         31.2     0.0334497
        31.22     0.0344675
        31.24      0.035182
        31.26     0.0355659
        31.28     0.0355931
         31.3     0.0352399
        31.32      0.034488
        31.34     0.0333269
        31.36     0.0317573
        31.38     0.0297936
         31.4     0.0274648
        31.42     0.0248148
        31.44     0.0218997
        31.46     0.0187845
        31.48     0.0155381
         31.5     0.0122292
        31.52    0.00892197
        31.54    0.00567363
        31.56    0.00253338
        31.58  -0.000457179
         31.6   -0.00326257
        31.62   -0.00585155
        31.64   -0.00819553
        31.66    -0.0102676
        31.68    -0.0120423
         31.7     -0.013497
        31.72    -0.0146126
        31.74    -0.0153759
        31.76    -0.0157807
        31.78    -0.0158295
         31.8    -0.0155342
        31.82    -0.0149165
        31.84    -0.0140086
        31.86    -0.0128526
        31.88    -0.0115005
         31.9    -0.0100128
        31.92   -0.00845701
        31.94   -0.00690477
        31.96   -0.00542797
        31.98   -0.00409454
           32    -0.0029638
        32.02   -0.00208243
        32.04   -0.00148164
        32.06   -0.00117606
        32.08   -0.00116459
         32.1   -0.00143296
        32.12   -0.00195742
        32.14   -0.00270879
        32.16   -0.00365589
        32.18   -0.00476775
         32.2   -0.00601423
        32.22   -0.00736517
        32.24   -0.00878865
        32.26    -0.0102491
        32.28    -0.0117061
         32.3    -0.0131145
        32.32     -0.014426
        32.34    -0.0155922
        32.36    -0.0165684
        32.38    -0.0173172
         32.4    -0.0178114
        32.42    -0.0180357
        32.44    -0.0179863
        32.46    -0.0176701
        32.48    -0.0171019
         32.5    -0.0163023
        32.52    -0.0152956
        32.54    -0.0141087
        32.56    -0.0127707
        32.58    -0.0113128
         32.6   -0.00976888
        32.62   -0.00817535
        32.64    -0.0065701
        32.66   -0.00499101
        32.68   -0.00347365
         32.7   -0.00204896
        32.72  -0.000741089
        32.74    0.00043374
        32.76    0.00146749
        32.78    0.00235951
         32.8      0.003115
        32.82    0.00374331
        32.84    0.00425641
        32.86    0.00466784
        32.88    0.00499245
         32.9    0.00524654
        32.92    0.00544828
        32.94    0.00561795
        32.96    0.00577776
        32.98    0.00595104
           33    0.00616103
        33.02    0.00642938
        33.04     0.0067748
        33.06    0.00721207
        33.08    0.00775165
         33.1    0.00839977
        33.12     0.0091587
        33.14     0.0100271
        33.16     0.0109998
        33.18     0.0120673
         33.2     0.0132147
        33.22     0.0144209
        33.24     0.0156574
        33.26     0.0168886
        33.28      0.018073
         33.3     0.0191648
        33.32     0.0201173
        33.34     0.0208859
        33.36     0.0214311
        33.38     0.0217205
         33.4     0.0217296
        33.42     0.0214427
        33.44     0.0208509
        33.46     0.0199526
        33.48     0.0187521
         33.5     0.0172605
        33.52     0.0154966
        33.54     0.0134892
        33.56     0.0112787
        33.58    0.00891821
         33.6    0.00647339
        33.62    0.00402009
        33.64    0.00164027
        33.66  -0.000583559
        33.68   -0.00257458
         33.7   -0.00426748
        33.72   -0.00561293
        33.74   -0.00658002
        33.76   -0.00715651
        33.78   -0.00734703
         33.8   -0.00717007
        33.82   -0.00665452
        33.84   -0.00583681
        33.86   -0.00475916
        33.88    -0.0034692
         33.9   -0.00202073
        33.92  -0.000474931
        33.94    0.00109878
        33.96     0.0026232
        33.98    0.00401556
           34    0.00519174
        34.02    0.00607219
        34.04     0.0065886
        34.06    0.00669046
        34.08    0.00635027
         34.1    0.00556637
        34.12    0.00436306
        34.14    0.00278774
        34.16   0.000905689
        34.18   -0.00120676
         34.2   -0.00346941
        34.22   -0.00580478
        34.24   -0.00814305
        34.26    -0.0104249
        34.28    -0.0126023
         34.3    -0.0146372
        34.32    -0.0164996
        34.34    -0.0181649
        34.36     -0.019612
        34.38    -0.0208225
         34.4    -0.0217807
        34.42    -0.0224757
        34.44    -0.0229031
        34.46    -0.0230673
        34.48    -0.0229826
         34.5    -0.0226736
        34.52    -0.0221734
        34.54     -0.021521
        34.56    -0.0207577
        34.58    -0.0199226
         34.6     -0.019049
        34.62    -0.0181617
        34.64    -0.0172757
        34.66    -0.0163964
        34.68    -0.0155207
         34.7    -0.0146397
        34.72    -0.0137414
        34.74    -0.0128128
        34.76    -0.0118424
        34.78    -0.0108213
         34.8   -0.00974429
        34.82   -0.00860958
        34.84   -0.00741924
        34.86   -0.00617885
        34.88   -0.00489727
         34.9   -0.00358628
        34.92   -0.00225993
        34.94  -0.000933599
        34.96    0.00037736
        34.98    0.00165918
           35    0.00290124
        35.02    0.00409726
        35.04    0.00524584
        35.06    0.00635002
        35.08    0.00741606
         35.1    0.00845139
        35.12    0.00946245
        35.14     0.0104527
        35.16     0.0114216
        35.18     0.0123644
         35.2     0.0132734
        35.22     0.0141398
        35.24     0.0149566
        35.26     0.0157203
        35.28     0.0164322
         35.3     0.0170988
        35.32     0.0177303
        35.34     0.0183376
        35.36     0.0189293
        35.38     0.0195085
         35.4     0.0200697
        35.42     0.0205979
        35.44     0.0210682
        35.46     0.0214478
        35.48     0.0216983
         35.5     0.0217797
        35.52     0.0216541
        35.54     0.0212887
        35.56     0.0206593
        35.58      0.019752
         35.6     0.0185643
        35.62     0.0171058
        35.64     0.0153973
        35.66     0.0134702
        35.68     0.0113644
         35.7    0.00912634
        35.72    0.00680637
        35.74    0.00445584
        35.76    0.00212448
        35.78  -0.000141973
         35.8   -0.00230345
        35.82   -0.00432637
        35.84   -0.00618357
        35.86   -0.00785359
        35.88   -0.00931945
         35.9    -0.0105677
        35.92    -0.0115878
        35.94    -0.0123724
        35.96     -0.012918
        35.98    -0.0132272
           36    -0.0133096
        36.02    -0.0131837
        36.04    -0.0128765
        36.06    -0.0124231
        36.08    -0.0118634
         36.1    -0.0112393
        36.12      -0.01059
        36.14   -0.00994879
        36.16   -0.00933996
        36.18   -0.00877787
         36.2   -0.00826758
        36.22   -0.00780715
        36.24   -0.00739083
        36.26    -0.0070127
        36.28   -0.00666952
         36.3   -0.00636245
        36.32   -0.00609716
        36.34   -0.00588243
        36.36   -0.00572769
        36.38   -0.00564019
         36.4   -0.00562268
        36.42   -0.00567213
        36.44   -0.00577995
        36.46   -0.00593369
        36.48   -0.00611971
         36.5   -0.00632623
        36.52   -0.00654586
        36.54   -0.00677696
        36.56   -0.00702334
        36.58    -0.0072923
         36.6   -0.00759148
        36.62   -0.00792504
        36.64   -0.00829033
        36.66   -0.00867571
        36.68   -0.00906015
         36.7   -0.00941483
        36.72   -0.00970641
        36.74   -0.00990126
        36.76   -0.00996979
        36.78   -0.00988986
         36.8   -0.00964848
        36.82   -0.00924158
        36.84   -0.00867184
        36.86   -0.00794518
        36.88   -0.00706696
         36.9   -0.00603868
        36.92   -0.00485627
        36.94   -0.00351034
        36.96   -0.00198839
        36.98  -0.000278653
           37    0.00162539
        37.02     0.0037208
        37.04     0.0059923
        37.06    0.00841113
        37.08     0.0109362
         37.1     0.0135169
        37.12     0.0160972
        37.14     0.0186199
        37.16     0.0210304
        37.18     0.0232794
         37.2      0.025324
        37.22     0.0271275
        37.24     0.0286585
        37.26       0.02989
        37.28     0.0307985
         37.3     0.0313644
        37.32     0.0315726
        37.34     0.0314149
        37.36     0.0308912
        37.38     0.0300114
         37.4     0.0287959
        37.42     0.0272752
        37.44     0.0254885
        37.46      0.023481
        37.48     0.0213016
         37.5     0.0189997
        37.52     0.0166231
        37.54      0.014216
        37.56     0.0118179
        37.58    0.00946205
         37.6      0.007175
        37.62    0.00497525
        37.64    0.00287256
        37.66    0.00086728
        37.68   -0.00104954
         37.7   -0.00289512
        37.72    -0.0046928
        37.74   -0.00646884
        37.76   -0.00824858
        37.78    -0.0100527
         37.8    -0.0118943
        37.82     -0.013777
        37.84    -0.0156954
        37.86    -0.0176363
        37.88    -0.0195825
         37.9    -0.0215153
        37.92    -0.0234175
        37.94    -0.0252752
        37.96    -0.0270767
        37.98     -0.028811
           38    -0.0304642
        38.02    -0.0320162
        38.04    -0.0334376
        38.06    -0.0346892
        38.08    -0.0357229
         38.1     -0.036486
        38.12    -0.0369259
        38.14    -0.0369972
        38.16    -0.0366666
        38.18    -0.0359177
         38.2    -0.0347526
        38.22    -0.0331913
        38.24    -0.0312682
        38.26    -0.0290273
        38.28    -0.0265171
         38.3    -0.0237854
        38.32    -0.0208758
        38.34     -0.017826
        38.36    -0.0146678
        38.38    -0.0114287
         38.4    -0.0081343
        38.42   -0.00481057
        38.44   -0.00148591
        38.46    0.00180822
        38.48    0.00503764
         38.5    0.00816682
        38.52     0.0111609
        38.54      0.013988
        38.56     0.0166206
        38.58     0.0190374
         38.6     0.0212231
        38.62     0.0231682
        38.64     0.0248679
        38.66     0.0263208
        38.68     0.0275268
         38.7     0.0284861
        38.72     0.0291981
        38.74     0.0296608
        38.76     0.0298706
        38.78      0.029823
         38.8     0.0295132
        38.82     0.0289371
        38.84     0.0280931
        38.86     0.0269825
        38.88     0.0256115
         38.9     0.0239913
        38.92     0.0221393
        38.94     0.0200791
        38.96     0.0178403
        38.98     0.0154573
           39     0.0129691
        39.02     0.0104167
        39.04    0.00784214
        39.06    0.00528594
        39.08    0.00278576
         39.1   0.000374838
        39.12   -0.00191871
        39.14   -0.00407189
        39.16   -0.00606599
        39.18   -0.00788502
         39.2   -0.00951378
        39.22    -0.0109358
        39.24    -0.0121321
        39.26    -0.0130801
        39.28    -0.0137551
         39.3    -0.0141318
        39.32    -0.0141874
        39.34    -0.0139059
        39.36    -0.0132816
        39.38    -0.0123217
         39.4    -0.0110484
        39.42   -0.00949773
        39.44   -0.00771767
        39.46   -0.00576405
        39.48    -0.0036959
         39.5   -0.00157075
        39.52   0.000559077
        39.54    0.00264864
        39.56    0.00466073
        39.58    0.00656453
         39.6    0.00833318
        39.62    0.00994109
        39.64     0.0113617
        39.66     0.0125665
        39.68     0.0135257
         39.7     0.0142104
        39.72     0.0145957
        39.74     0.0146641
        39.76     0.0144092
        39.78     0.0138369
         39.8     0.0129667
        39.82     0.0118298
        39.84     0.0104675
        39.86    0.00892704
        39.88    0.00725846
         39.9    0.00551123
        39.92    0.00373143
        39.94    0.00195981
        39.96   0.000230561
        39.98   -0.00142939
           40   -0.00300065
        40.02   -0.00447144
        40.04   -0.00583736
        40.06   -0.00710088
        40.08   -0.00827037
         40.1   -0.00935867
        40.12    -0.0103812
        40.14    -0.0113538
        40.16    -0.0122908
        40.18     -0.013203
         40.2    -0.0140971
        40.22     -0.014975
        40.24    -0.0158348
        40.26     -0.016671
        40.28    -0.0174756
         40.3    -0.0182382
        40.32    -0.0189461
        40.34    -0.0195826
        40.36     -0.020126
        40.38    -0.0205486
         40.4    -0.0208159
        40.42    -0.0208879
        40.44    -0.0207216
        40.46    -0.0202755
        40.48    -0.0195143
         40.5     -0.018414
        40.52    -0.0169662
        40.54    -0.0151801
        40.56    -0.0130826
        40.58    -0.0107153
         40.6   -0.00813032
        40.62   -0.00538461
        40.64   -0.00253488
        40.66    0.00036637
        40.68    0.00327267
         40.7    0.00614321
        40.72    0.00894056
        40.74     0.0116275
        40.76     0.0141642
        40.78      0.016506
         40.8     0.0186043
        40.82     0.0204087
        40.84     0.0218715
        40.86     0.0229533
        40.88     0.0236278
         40.9     0.0238857
        40.92     0.0237363
        40.94     0.0232067
        40.96      0.022338
        40.98      0.021181
           41     0.0197905
        41.02     0.0182205
        41.04     0.0165209
        41.06     0.0147359
        41.08     0.0129042
         41.1     0.0110603
        41.12    0.00923605
        41.14    0.00746257
        41.16    0.00577033
        41.18    0.00418864
         41.2      0.002744
        41.22    0.00145803
        41.24   0.000345534
        41.26   -0.00058663
        41.28    -0.0013396
         41.3   -0.00192137
        41.32    -0.0023449
        41.34   -0.00262581
        41.36   -0.00278053
        41.38   -0.00282507
         41.4   -0.00277486
        41.42   -0.00264536
        41.44   -0.00245305
        41.46   -0.00221646
        41.48   -0.00195643
         41.5   -0.00169554
        41.52   -0.00145667
        41.54   -0.00126098
        41.56   -0.00112597
        41.58   -0.00106404
         41.6   -0.00108232
        41.62   -0.00118358
        41.64   -0.00136827
        41.66   -0.00163705
        41.68   -0.00199291
         41.7   -0.00244231
        41.72   -0.00299474
        41.74   -0.00366044
        41.76   -0.00444686
        41.78   -0.00535445
         41.8   -0.00637289
        41.82   -0.00747878
        41.84   -0.00863549
        41.86   -0.00979559
        41.88    -0.0109056
         41.9    -0.0119121
        41.92    -0.0127684
        41.94    -0.0134403
        41.96    -0.0139097
        41.98     -0.014176
           42    -0.0142539
        42.02    -0.0141701
        42.04    -0.0139571
        42.06    -0.0136477
        42.08    -0.0132695
         42.1    -0.0128422
        42.12    -0.0123757
        42.14    -0.0118716
        42.16    -0.0113258
        42.18    -0.0107322
         42.2    -0.0100868
        42.22   -0.00939068
        42.24   -0.00865117
        42.26   -0.00788184
        42.28   -0.00710044
         42.3   -0.00632572
        42.32   -0.00557383
        42.34   -0.00485501
        42.36   -0.00417147
        42.38   -0.00351678
         42.4   -0.00287713
        42.42   -0.00223412
        42.44   -0.00156865
        42.46  -0.000864959
        42.48  -0.000114154
         42.5   0.000683611
        42.52    0.00151881
        42.54    0.00237413
        42.56    0.00322773
        42.58    0.00405748
         42.6    0.00484536
        42.62    0.00558111
        42.64    0.00626443
        42.66    0.00690525
        42.68    0.00752214
         42.7    0.00813913
        42.72    0.00878186
        42.74    0.00947355
        42.76     0.0102319
        42.78     0.0110671
         42.8     0.0119815
        42.82       0.01297
        42.84     0.0140217
        42.86     0.0151217
        42.88     0.0162517
         42.9     0.0173906
        42.92     0.0185146
        42.94     0.0195958
        42.96     0.0206022
        42.98     0.0214974
           43     0.0222421
        43.02     0.0227963
        43.04     0.0231224
        43.06     0.0231896
        43.08     0.0229764
         43.1     0.0224735
        43.12      0.021684
        43.14     0.0206224
        43.16      0.019312
        43.18     0.0177816
         43.2     0.0160617
        43.22     0.0141817
        43.24     0.0121686
        43.26     0.0100469
        43.28    0.00783969
         43.3     0.0055707
        43.32    0.00326635
        43.34   0.000956857
        43.36   -0.00132355
        43.38   -0.00353786
         43.4   -0.00564853
        43.42   -0.00762029
        43.44   -0.00942287
        43.46    -0.0110331
        43.48     -0.012436
         43.5    -0.0136245
        43.52    -0.0145986
        43.54    -0.0153634
        43.56    -0.0159278
        43.58     -0.016303
         43.6    -0.0165014
        43.62    -0.0165367
        43.64    -0.0164238
        43.66    -0.0161792
        43.68    -0.0158211
         43.7    -0.0153687
        43.72    -0.0148417
        43.74    -0.0142595
        43.76    -0.0136395
        43.78     -0.012997
         43.8    -0.0123441
        43.82    -0.0116904
        43.84    -0.0110428
        43.86    -0.0104069
        43.88   -0.00978744
         43.9   -0.00918889
        43.92   -0.00861588
        43.94    -0.0080732
        43.96   -0.00756562
        43.98   -0.00709766
           44   -0.00667335
        44.02   -0.00629608
        44.04   -0.00596847
        44.06   -0.00569217
        44.08   -0.00546754
         44.1    -0.0052931
        44.12   -0.00516495
        44.14   -0.00507614
        44.16    -0.0050165
        44.18    -0.0049729
         44.2    -0.0049302
        44.22   -0.00487285
        44.24   -0.00478685
        44.26    -0.0046617
        44.28   -0.00449187
         44.3   -0.00427742
        44.32   -0.00402351
        44.34   -0.00373885
        44.36   -0.00343351
        44.38   -0.00311648
         44.4   -0.00279367
        44.42   -0.00246685
        44.44   -0.00213376
        44.46   -0.00178933
        44.48   -0.00142776
         44.5   -0.00104472
        44.52  -0.000639117
        44.54  -0.000213954
        44.56   0.000224074
        44.58   0.000666064
         44.6    0.00110308
        44.62    0.00152845
        44.64    0.00193946
        44.66     0.0023381
        44.68    0.00273057
         44.7    0.00312572
        44.72    0.00353295
        44.74    0.00396014
        44.76    0.00441211
        44.78    0.00489019
         44.8    0.00539279
        44.82     0.0059168
        44.84    0.00645944
        44.86     0.0070197
        44.88    0.00759912
         44.9    0.00820147
        44.92    0.00883142
        44.94    0.00949261
        44.96     0.0101855
        44.98     0.0109057
           45     0.0116434
        45.02     0.0123835
        45.04     0.0131072
        45.06     0.0137938
        45.08     0.0144225
         45.1     0.0149741
        45.12     0.0154314
        45.14     0.0157792
        45.16     0.0160034
        45.18       0.01609
         45.2     0.0160244
        45.22     0.0157917
        45.24     0.0153777
        45.26     0.0147704
        45.28     0.0139625
         45.3     0.0129533
        45.32     0.0117494
        45.34     0.0103653
        45.36    0.00882186
        45.38    0.00714428
         45.4    0.00535962
        45.42     0.0034946
        45.44    0.00157419
        45.46  -0.000378595
        45.48   -0.00234191
         45.5    -0.0042935
        45.52   -0.00620908
        45.54   -0.00806136
        45.56   -0.00982023
        45.58    -0.0114542
         45.6    -0.0129333
        45.62    -0.0142323
        45.64    -0.0153335
        45.66    -0.0162295
        45.68    -0.0169232
         45.7    -0.0174263
        45.72    -0.0177564
        45.74     -0.017933
        45.76    -0.0179729
        45.78    -0.0178871
         45.8     -0.017679
        45.82    -0.0173446
        45.84    -0.0168748
        45.86    -0.0162584
        45.88    -0.0154864
         45.9    -0.0145549
        45.92    -0.0134682
        45.94    -0.0122386
        45.96    -0.0108857
        45.98   -0.00943487
           46   -0.00791367
        46.02   -0.00635006
        46.04   -0.00477046
        46.06   -0.00319915
        46.08   -0.00165862
         46.1  -0.000170534
        46.12    0.00124323
        46.14    0.00256003
        46.16    0.00375681
        46.18    0.00481139
         46.2    0.00570456
        46.22     0.0064224
        46.24     0.0069584
        46.26    0.00731466
        46.28     0.0075019
         46.3    0.00753829
        46.32    0.00744723
        46.34    0.00725464
        46.36    0.00698634
        46.38    0.00666603
         46.4    0.00631421
        46.42    0.00594809
        46.44    0.00558231
        46.46    0.00522999
        46.48    0.00490366
         46.5    0.00461566
        46.52    0.00437781
        46.54    0.00420023
        46.56     0.0040898
        46.58    0.00404851
         46.6    0.00407225
        46.62    0.00415047
        46.64    0.00426678
        46.66     0.0044007
        46.68    0.00452996
         46.7    0.00463323
        46.72    0.00469253
        46.74    0.00469503
        46.76    0.00463387
        46.78    0.00450803
         46.8    0.00432124
        46.82    0.00408037
        46.84    0.00379369
        46.86    0.00346932
        46.88    0.00311426
         46.9    0.00273416
        46.92    0.00233372
        46.94    0.00191775
        46.96    0.00149242
        46.98     0.0010665
           47   0.000652295
        47.02   0.000265981
        47.04  -7.27478e-05
        47.06  -0.000341713
        47.08  -0.000517884
         47.1  -0.000579397
        47.12  -0.000507697
        47.14  -0.000289542
        47.16   8.13894e-05
        47.18    0.00060349
         47.2    0.00126692
        47.22    0.00205401
        47.24    0.00294039
        47.26    0.00389651
        47.28    0.00488955
         47.3    0.00588537
        47.32    0.00685031
        47.34    0.00775269
        47.36    0.00856388
        47.38    0.00925898
         47.4    0.00981695
        47.42     0.0102205
        47.44     0.0104559
        47.46     0.0105118
        47.48     0.0103798
         47.5     0.0100531
        47.52    0.00952646
        47.54    0.00879663
        47.56    0.00786219
        47.58    0.00672426
         47.6     0.0053872
        47.62    0.00385941
        47.64    0.00215412
        47.66   0.000289818
        47.68    -0.0017096
         47.7   -0.00381533
        47.72   -0.00599471
        47.74   -0.00821271
        47.76    -0.0104338
        47.78     -0.012624
         47.8    -0.0147519
        47.82    -0.0167906
        47.84    -0.0187169
        47.86    -0.0205116
        47.88    -0.0221579
         47.9      -0.02364
        47.92    -0.0249415
        47.94    -0.0260443
        47.96    -0.0269285
        47.98    -0.0275723
           48    -0.0279539
        48.02    -0.0280527
        48.04    -0.0278518
        48.06    -0.0273395
        48.08    -0.0265106
         48.1    -0.0253672
        48.12    -0.0239188
        48.14    -0.0221815
        48.16    -0.0201777
        48.18     -0.017935
         48.2    -0.0154859
        48.22    -0.0128671
        48.24    -0.0101198
        48.26    -0.0072886
        48.28   -0.00442105
         48.3   -0.00156625
        48.32    0.00122712
        48.34    0.00391314
        48.36    0.00645104
        48.38    0.00880731
         48.4     0.0109569
        48.42     0.0128837
        48.44     0.0145794
        48.46     0.0160422
        48.48     0.0172738
         48.5     0.0182783
        48.52     0.0190593
        48.54       0.01962
        48.56     0.0199636
        48.58     0.0200941
         48.6     0.0200192
        48.62     0.0197516
        48.64      0.019311
        48.66     0.0187242
        48.68     0.0180246
         48.7     0.0172497
        48.72     0.0164384
        48.74     0.0156271
        48.76     0.0148467
        48.78     0.0141202
         48.8     0.0134617
        48.82     0.0128765
        48.84     0.0123631
        48.86     0.0119152
        48.88     0.0115249
         48.9     0.0111846
        48.92     0.0108885
        48.94     0.0106334
        48.96     0.0104168
        48.98     0.0102361
           49     0.0100858
        49.02    0.00995551
        49.04    0.00982933
        49.06     0.0096856
        49.08    0.00949861
         49.1    0.00924132
        49.12     0.0088888
        49.14    0.00842172
        49.16    0.00782905
        49.18    0.00710942
         49.2     0.0062707
        49.22    0.00532792
        49.24    0.00429985
        49.26    0.00320502
        49.28    0.00205804
         49.3   0.000867133
        49.32  -0.000366504
        49.34   -0.00164736
        49.36   -0.00298248
        49.38   -0.00437719
         49.4   -0.00583083
        49.42   -0.00733337
        49.44    -0.0088638
        49.46    -0.0103909
        49.48    -0.0118759
         49.5    -0.0132773
        49.52    -0.0145559
        49.54    -0.0156795
        49.56    -0.0166262
        49.58    -0.0173855
         49.6    -0.0179571
        49.62    -0.0183484
        49.64    -0.0185698
        49.66    -0.0186316
        49.68    -0.0185405
         49.7    -0.0182987
        49.72    -0.0179044
        49.74    -0.0173544
        49.76    -0.0166467
        49.78     -0.015784
         49.8    -0.0147753
        49.82    -0.0136371
        49.84    -0.0123916
        49.86    -0.0110647
        49.88   -0.00968299
         49.9   -0.00827066
        49.92   -0.00684774
        49.94   -0.00542961
        49.96   -0.00402794
        49.98    -0.0026527
           50   -0.00131452
